31500 
13479 
30058 1858 


14195 

3253 
26432 
23711 6711 9611 
10690 

15348 648 15948 
3227 

30085 
6664 14564 15964 
14443 2443 
4122 


31159 

15017 317 10817 11017 12817 
26296 


733 


24370 
5149 
25728 23528 
6207 4807 


31044 
24723 8123 11323 
29802 1602 21102 602 15402 
25181 
12760 16960 
16239 
2218 15218 
17597 12197 
3776 



27192 
10771 21971 

18829 22429 
9808 24508 


15845 15145 
1524 19724 23224 
32403 
22682 





3456 
1935 6035 935 


15372 

1630 
29709 18809 



29425 
3504 
30783 8983 
2262 
23441 
20620 6820 16220 
13799 




24294 29994 
8873 
11752 19452 29652 17052 
23331 
25510 
6389 18089 
17368 
29547 

26605 




