[0] 31500
[1] 13479
[2] 30058  ->  1858
[3] 
[4] 
[5] 14195
[6] 
[7] 3253
[8] 26432
[9] 23711  ->  6711  ->  9611
[10] 10690
[11] 
[12] 15348  ->  648  ->  15948
[13] 3227
[14] 
[15] 30085
[16] 6664  ->  14564  ->  15964
[17] 14443  ->  2443
[18] 4122
[19] 
[20] 
[21] 31159
[22] 
[23] 15017  ->  317  ->  10817  ->  11017  ->  12817
[24] 26296
[25] 
[26] 
[27] 733
[28] 
[29] 
[30] 24370
[31] 5149
[32] 25728  ->  23528
[33] 6207  ->  4807
[34] 
[35] 
[36] 31044
[37] 24723  ->  8123  ->  11323
[38] 29802  ->  1602  ->  21102  ->  602  ->  15402
[39] 25181
[40] 12760  ->  16960
[41] 16239
[42] 2218  ->  15218
[43] 17597  ->  12197
[44] 3776
[45] 
[46] 
[47] 
[48] 27192
[49] 10771  ->  21971
[50] 
[51] 18829  ->  22429
[52] 9808  ->  24508
[53] 
[54] 
[55] 15845  ->  15145
[56] 1524  ->  19724  ->  23224
[57] 32403
[58] 22682
[59] 
[60] 
[61] 
[62] 
[63] 
[64] 3456
[65] 1935  ->  6035  ->  935
[66] 
[67] 
[68] 15372
[69] 
[70] 1630
[71] 29709  ->  18809
[72] 
[73] 
[74] 
[75] 29425
[76] 3504
[77] 30783  ->  8983
[78] 2262
[79] 23441
[80] 20620  ->  6820  ->  16220
[81] 13799
[82] 
[83] 
[84] 
[85] 
[86] 24294  ->  29994
[87] 8873
[88] 11752  ->  19452  ->  29652  ->  17052
[89] 23331
[90] 25510
[91] 6389  ->  18089
[92] 17368
[93] 29547
[94] 
[95] 26605
[96] 
[97] 
[98] 
[99] 
